Pvm (dd.mm.YYYY);Mustikkamaa;Kauppatori;Hakaniemi
01.01.2016;443;0;0
02.01.2016;363;0;0
03.01.2016;327;0;0
04.01.2016;170;0;0
05.01.2016;118;0;0
06.01.2016;88;0;0
07.01.2016;48;0;0
08.01.2016;48;0;0
09.01.2016;106;0;0
10.01.2016;162;0;0
11.01.2016;25;0;0
12.01.2016;12;0;0
13.01.2016;46;0;0
14.01.2016;43;0;0
15.01.2016;30;0;0
16.01.2016;84;0;0
17.01.2016;129;0;0
18.01.2016;29;0;0
19.01.2016;35;0;0
20.01.2016;27;0;0
21.01.2016;25;0;0
22.01.2016;20;0;0
23.01.2016;226;0;0
24.01.2016;146;0;0
25.01.2016;45;0;0
26.01.2016;30;0;0
27.01.2016;32;0;0
28.01.2016;31;0;0
29.01.2016;56;0;0
30.01.2016;289;0;0
31.01.2016;320;0;0
01.02.2016;82;0;0
02.02.2016;41;0;0
03.02.2016;132;0;0
04.02.2016;113;0;0
05.02.2016;59;0;0
06.02.2016;362;0;0
07.02.2016;205;0;0
08.02.2016;52;0;0
09.02.2016;67;0;0
10.02.2016;22;0;0
11.02.2016;54;0;0
12.02.2016;71;0;0
13.02.2016;447;0;0
14.02.2016;349;0;0
15.02.2016;106;0;0
16.02.2016;205;0;0
17.02.2016;98;0;0
18.02.2016;143;0;0
19.02.2016;258;0;0
20.02.2016;223;0;0
21.02.2016;172;0;0
22.02.2016;377;0;0
23.02.2016;582;0;0
24.02.2016;631;0;0
25.02.2016;774;0;0
26.02.2016;601;0;0
27.02.2016;910;0;0
28.02.2016;1055;0;0
29.02.2016;229;0;0
01.03.2016;377;0;0
02.03.2016;313;0;0
03.03.2016;233;0;0
04.03.2016;210;0;0
05.03.2016;536;0;0
06.03.2016;546;0;0
07.03.2016;366;0;0
08.03.2016;220;0;0
09.03.2016;234;0;0
10.03.2016;295;0;0
11.03.2016;329;0;0
12.03.2016;1179;0;0
13.03.2016;910;0;0
14.03.2016;172;0;0
15.03.2016;246;0;0
16.03.2016;408;0;0
17.03.2016;215;0;0
18.03.2016;281;0;0
19.03.2016;489;0;0
20.03.2016;422;0;0
21.03.2016;108;0;0
22.03.2016;167;0;0
23.03.2016;146;0;0
24.03.2016;198;0;0
25.03.2016;1522;0;0
26.03.2016;1303;0;0
27.03.2016;2597;0;0
28.03.2016;3419;0;0
29.03.2016;289;0;0
30.03.2016;166;0;0
31.03.2016;212;0;0
01.04.2016;226;0;0
02.04.2016;1651;0;0
03.04.2016;270;0;0
04.04.2016;255;0;0
05.04.2016;244;0;0
06.04.2016;372;0;0
07.04.2016;216;0;0
08.04.2016;330;0;0
09.04.2016;906;0;0
10.04.2016;1702;0;0
11.04.2016;302;0;0
12.04.2016;341;0;0
13.04.2016;423;0;0
14.04.2016;365;0;0
15.04.2016;498;0;0
16.04.2016;1879;0;0
17.04.2016;238;0;0
18.04.2016;221;0;0
19.04.2016;257;0;0
20.04.2016;252;0;0
21.04.2016;407;0;0
22.04.2016;352;0;0
23.04.2016;984;0;0
24.04.2016;807;0;0
25.04.2016;176;0;0
26.04.2016;383;0;0
27.04.2016;380;0;0
28.04.2016;389;0;0
29.04.2016;467;0;0
30.04.2016;1136;0;0
01.05.2016;2065;281;0
02.05.2016;638;204;0
03.05.2016;634;117;0
04.05.2016;627;165;0
05.05.2016;3809;582;0
06.05.2016;2369;509;0
07.05.2016;2747;592;0
08.05.2016;2651;429;0
09.05.2016;538;124;0
10.05.2016;825;375;0
11.05.2016;846;128;0
12.05.2016;1080;163;0
13.05.2016;898;145;0
14.05.2016;728;110;0
15.05.2016;1113;116;0
16.05.2016;727;79;0
17.05.2016;1269;401;0
18.05.2016;1267;246;0
19.05.2016;1281;293;0
20.05.2016;1261;277;0
21.05.2016;2479;523;0
22.05.2016;2382;437;0
23.05.2016;1244;369;0
24.05.2016;2302;483;0
25.05.2016;1898;309;0
26.05.2016;1562;366;0
27.05.2016;1501;358;0
28.05.2016;2743;565;0
29.05.2016;2418;367;0
30.05.2016;1392;421;0
31.05.2016;1987;537;0
01.06.2016;2583;479;219
02.06.2016;2279;342;76
03.06.2016;1425;408;0
04.06.2016;2927;715;0
05.06.2016;2256;444;0
06.06.2016;1463;341;0
07.06.2016;2388;756;0
08.06.2016;783;143;0
09.06.2016;1612;214;0
10.06.2016;1237;340;0
11.06.2016;3057;923;0
12.06.2016;2680;635;0
13.06.2016;1829;551;0
14.06.2016;2484;789;0
15.06.2016;2846;1128;0
16.06.2016;482;112;0
17.06.2016;1228;497;0
18.06.2016;537;123;0
19.06.2016;1792;377;0
20.06.2016;2256;749;0
21.06.2016;2269;873;0
22.06.2016;2005;803;0
23.06.2016;962;462;0
24.06.2016;1401;337;0
25.06.2016;4117;937;0
26.06.2016;2371;523;0
27.06.2016;427;145;0
28.06.2016;2819;1313;0
29.06.2016;3061;1402;0
30.06.2016;2210;804;0
01.07.2016;2540;940;0
02.07.2016;4009;1557;0
03.07.2016;1260;360;0
04.07.2016;1610;418;125
05.07.2016;2691;927;0
06.07.2016;5001;1554;0
07.07.2016;811;191;68
08.07.2016;2902;926;0
09.07.2016;5373;1602;0
10.07.2016;2533;662;0
11.07.2016;3298;1172;0
12.07.2016;3671;1376;0
13.07.2016;4849;1827;0
14.07.2016;4939;1629;0
15.07.2016;503;105;0
16.07.2016;5353;1735;0
17.07.2016;3445;858;0
18.07.2016;4322;1460;0
19.07.2016;4669;1866;0
20.07.2016;4543;1961;0
21.07.2016;4096;1408;0
22.07.2016;3741;1122;0
23.07.2016;4138;1430;0
24.07.2016;3499;1153;0
25.07.2016;3051;1246;0
26.07.2016;3382;1609;0
27.07.2016;3342;1575;0
28.07.2016;3252;1255;0
29.07.2016;3138;1108;0
30.07.2016;4027;1578;0
31.07.2016;2405;704;0
01.08.2016;2640;974;0
02.08.2016;3408;1413;0
03.08.2016;3192;1323;0
04.08.2016;1201;401;0
05.08.2016;2725;922;0
06.08.2016;3249;892;0
07.08.2016;3109;782;0
08.08.2016;2578;796;0
09.08.2016;2314;828;0
10.08.2016;2144;651;0
11.08.2016;1572;521;0
12.08.2016;1771;497;0
13.08.2016;3001;606;307
14.08.2016;1344;455;0
15.08.2016;1300;525;0
16.08.2016;286;92;0
17.08.2016;510;171;0
18.08.2016;668;219;0
19.08.2016;1076;443;0
20.08.2016;3489;1068;0
21.08.2016;3332;614;0
22.08.2016;245;169;0
23.08.2016;695;216;0
24.08.2016;969;246;0
25.08.2016;608;254;0
26.08.2016;564;166;0
27.08.2016;3096;702;0
28.08.2016;2117;541;0
29.08.2016;122;35;0
30.08.2016;326;102;0
31.08.2016;757;193;0
01.09.2016;491;167;0
02.09.2016;7925;775;0
03.09.2016;2350;343;0
04.09.2016;1299;170;0
05.09.2016;316;73;0
06.09.2016;456;99;0
07.09.2016;334;136;0
08.09.2016;447;96;0
09.09.2016;9791;1007;0
10.09.2016;2266;578;0
11.09.2016;2151;257;0
12.09.2016;402;73;0
13.09.2016;375;92;0
14.09.2016;438;62;0
15.09.2016;446;57;0
16.09.2016;558;103;0
17.09.2016;1525;199;0
18.09.2016;1562;208;0
19.09.2016;215;44;0
20.09.2016;334;88;0
21.09.2016;1523;270;0
22.09.2016;621;48;0
23.09.2016;398;48;0
24.09.2016;1320;173;0
25.09.2016;1234;136;0
26.09.2016;263;46;0
27.09.2016;325;66;0
28.09.2016;176;35;0
29.09.2016;237;123;0
30.09.2016;276;53;0
01.10.2016;1180;0;0
02.10.2016;1106;0;0
03.10.2016;196;0;0
04.10.2016;6176;0;0
05.10.2016;246;0;0
06.10.2016;335;0;0
07.10.2016;292;0;0
08.10.2016;811;0;0
09.10.2016;741;0;0
10.10.2016;236;0;0
11.10.2016;215;0;0
12.10.2016;174;0;0
13.10.2016;222;0;0
14.10.2016;687;0;0
15.10.2016;688;0;0
16.10.2016;848;0;0
17.10.2016;658;0;0
18.10.2016;815;0;0
19.10.2016;894;0;0
20.10.2016;1299;0;0
21.10.2016;987;0;0
22.10.2016;841;0;0
23.10.2016;673;0;0
24.10.2016;171;0;0
25.10.2016;223;0;0
26.10.2016;204;0;0
27.10.2016;148;0;0
28.10.2016;89;0;0
29.10.2016;797;0;0
30.10.2016;675;0;0
31.10.2016;154;0;0
01.11.2016;124;0;0
02.11.2016;81;0;0
03.11.2016;211;0;0
04.11.2016;234;0;0
05.11.2016;526;0;0
06.11.2016;233;0;0
07.11.2016;96;0;0
08.11.2016;76;0;0
09.11.2016;42;0;0
10.11.2016;103;0;0
11.11.2016;152;0;0
12.11.2016;255;0;0
13.11.2016;232;0;0
14.11.2016;69;0;0
15.11.2016;91;0;0
16.11.2016;124;0;0
17.11.2016;36;0;0
18.11.2016;134;0;0
19.11.2016;383;0;0
20.11.2016;207;0;0
21.11.2016;37;0;0
22.11.2016;158;0;0
23.11.2016;61;0;0
24.11.2016;74;0;0
25.11.2016;127;0;0
26.11.2016;312;0;0
27.11.2016;307;0;0
28.11.2016;80;0;0
29.11.2016;40;0;0
30.11.2016;144;0;0
01.12.2016;118;0;0
02.12.2016;95;0;0
03.12.2016;189;0;0
04.12.2016;313;0;0
05.12.2016;170;0;0
06.12.2016;311;0;0
07.12.2016;64;0;0
08.12.2016;84;0;0
09.12.2016;83;0;0
10.12.2016;215;0;0
11.12.2016;175;0;0
12.12.2016;43;0;0
13.12.2016;53;0;0
14.12.2016;106;0;0
15.12.2016;70;0;0
16.12.2016;106;0;0
17.12.2016;195;0;0
18.12.2016;252;0;0
19.12.2016;89;0;0
20.12.2016;170;0;0
21.12.2016;70;0;0
22.12.2016;101;0;0
23.12.2016;124;0;0
24.12.2016;41;0;0
25.12.2016;536;0;0
26.12.2016;544;0;0
27.12.2016;509;0;0
28.12.2016;749;0;0
29.12.2016;541;0;0
30.12.2016;546;0;0
31.12.2016;483;0;0
